Date,Mercury,Venus,Earth,Mars,Jupiter,Saturn,Uranus,Neptune,Pluto
2023-01-01,65.7324,320.5161,99.4868,87.7883,12.1762,325.9534,47.1762,354.3529,297.8359
2023-01-02,72.0190,322.0988,100.5064,88.2831,12.2678,325.9849,47.1874,354.3589,297.8407
2023-01-03,78.3351,323.6817,101.5260,88.7770,12.3595,326.0164,47.1986,354.3650,297.8455
2023-01-04,84.6561,325.2648,102.5456,89.2703,12.4511,326.0478,47.2097,354.3710,297.8503
2023-01-05,90.9565,326.8482,103.5652,89.7628,12.5427,326.0793,47.2209,354.3771,297.8551
2023-01-06,97.2114,328.4318,104.5847,90.2545,12.6344,326.1108,47.2321,354.3832,297.8599
2023-01-07,103.3972,330.0157,105.6043,90.7455,12.7260,326.1423,47.2432,354.3892,297.8647
2023-01-08,109.4920,331.5998,106.6238,91.2357,12.8176,326.1738,47.2544,354.3953,297.8695
2023-01-09,115.4767,333.1843,107.6433,91.7253,12.9093,326.2053,47.2656,354.4014,297.8743
2023-01-10,121.3351,334.7690,108.6627,92.2141,13.0009,326.2368,47.2767,354.4074,297.8791
2023-01-11,127.0539,336.3540,109.6820,92.7021,13.0926,326.2683,47.2879,354.4135,297.8839
2023-01-12,132.6234,337.9393,110.7013,93.1895,13.1842,326.2997,47.2991,354.4195,297.8887
2023-01-13,138.0368,339.5250,111.7205,93.6761,13.2758,326.3312,47.3102,354.4256,297.8935
2023-01-14,143.2902,341.1109,112.7396,94.1620,13.3675,326.3627,47.3214,354.4317,297.8983
2023-01-15,148.3822,342.6972,113.7585,94.6472,13.4591,326.3942,47.3326,354.4377,297.9031
2023-01-16,153.3138,344.2838,114.7774,95.1318,13.5507,326.4257,47.3437,354.4438,297.9079
2023-01-17,158.0877,345.8707,115.7961,95.6156,13.6424,326.4572,47.3549,354.4499,297.9127
2023-01-18,162.7078,347.4580,116.8146,96.0987,13.7340,326.4887,47.3661,354.4559,297.9175
2023-01-19,167.1796,349.0456,117.8331,96.5811,13.8257,326.5202,47.3772,354.4620,297.9223
2023-01-20,171.5091,350.6336,118.8513,97.0629,13.9173,326.5518,47.3884,354.4680,297.9271
2023-01-21,175.7028,352.2220,119.8694,97.5440,14.0089,326.5833,47.3996,354.4741,297.9319
2023-01-22,179.7678,353.8106,120.8872,98.0244,14.1006,326.6148,47.4107,354.4802,297.9367
2023-01-23,183.7112,355.3997,121.9049,98.5041,14.1922,326.6463,47.4219,354.4862,297.9415
2023-01-24,187.5403,356.9891,122.9224,98.9832,14.2838,326.6778,47.4331,354.4923,297.9463
2023-01-25,191.2622,358.5789,123.9397,99.4616,14.3755,326.7093,47.4442,354.4984,297.9511
2023-01-26,194.8839,0.1691,124.9567,99.9394,14.4671,326.7408,47.4554,354.5044,297.9558
2023-01-27,198.4122,1.7596,125.9735,100.4165,14.5588,326.7723,47.4666,354.5105,297.9606
2023-01-28,201.8538,3.3506,126.9900,100.8930,14.6504,326.8039,47.4777,354.5166,297.9654
2023-01-29,205.2150,4.9419,128.0063,101.3688,14.7420,326.8354,47.4889,354.5226,297.9702
2023-01-30,208.5018,6.5336,129.0224,101.8440,14.8337,326.8669,47.5001,354.5287,297.9750
2023-01-31,211.7202,8.1257,130.0381,102.3186,14.9253,326.8984,47.5113,354.5347,297.9798
2023-02-01,214.8756,9.7182,131.0535,102.7926,15.0169,326.9300,47.5224,354.5408,297.9846
2023-02-02,217.9734,11.3111,132.0687,103.2659,15.1086,326.9615,47.5336,354.5469,297.9894
2023-02-03,221.0188,12.9044,133.0836,103.7386,15.2002,326.9930,47.5448,354.5529,297.9942
2023-02-04,224.0165,14.4981,134.0981,104.2107,15.2918,327.0245,47.5559,354.5590,297.9990
2023-02-05,226.9711,16.0922,135.1123,104.6823,15.3835,327.0561,47.5671,354.5651,298.0038
2023-02-06,229.8872,17.6867,136.1262,105.1532,15.4751,327.0876,47.5783,354.5711,298.0086
2023-02-07,232.7690,19.2816,137.1397,105.6235,15.5668,327.1191,47.5894,354.5772,298.0134
2023-02-08,235.6206,20.8770,138.1529,106.0932,15.6584,327.1507,47.6006,354.5832,298.0182
2023-02-09,238.4460,22.4727,139.1657,106.5624,15.7500,327.1822,47.6118,354.5893,298.0229
2023-02-10,241.2490,24.0689,140.1781,107.0310,15.8417,327.2138,47.6230,354.5954,298.0277
2023-02-11,244.0333,25.6655,141.1902,107.4990,15.9333,327.2453,47.6341,354.6014,298.0325
2023-02-12,246.8026,27.2626,142.2019,107.9664,16.0249,327.2768,47.6453,354.6075,298.0373
2023-02-13,249.5605,28.8600,143.2132,108.4333,16.1166,327.3084,47.6565,354.6136,298.0421
2023-02-14,252.3104,30.4579,144.2241,108.8996,16.2082,327.3399,47.6676,354.6196,298.0469
2023-02-15,255.0558,32.0563,145.2345,109.3653,16.2998,327.3715,47.6788,354.6257,298.0517
2023-02-16,257.8001,33.6550,146.2446,109.8306,16.3914,327.4030,47.6900,354.6318,298.0565
2023-02-17,260.5466,35.2543,147.2542,110.2952,16.4831,327.4346,47.7012,354.6378,298.0613
2023-02-18,263.2989,36.8539,148.2634,110.7594,16.5747,327.4661,47.7123,354.6439,298.0661
2023-02-19,266.0601,38.4541,149.2722,111.2230,16.6663,327.4977,47.7235,354.6499,298.0709
2023-02-20,268.8339,40.0546,150.2805,111.6861,16.7580,327.5293,47.7347,354.6560,298.0756
2023-02-21,271.6236,41.6557,151.2883,112.1486,16.8496,327.5608,47.7459,354.6621,298.0804
2023-02-22,274.4328,43.2571,152.2957,112.6107,16.9412,327.5924,47.7570,354.6681,298.0852
2023-02-23,277.2650,44.8591,153.3026,113.0722,17.0328,327.6239,47.7682,354.6742,298.0900
2023-02-24,280.1238,46.4615,154.3091,113.5332,17.1245,327.6555,47.7794,354.6803,298.0948
2023-02-25,283.0132,48.0644,155.3150,113.9937,17.2161,327.6871,47.7905,354.6863,298.0996
2023-02-26,285.9368,49.6677,156.3205,114.4538,17.3077,327.7186,47.8017,354.6924,298.1044
2023-02-27,288.8986,51.2716,157.3255,114.9133,17.3993,327.7502,47.8129,354.6984,298.1092
2023-02-28,291.9029,52.8759,158.3300,115.3724,17.4910,327.7818,47.8241,354.7045,298.1140
2023-03-01,294.9537,54.4807,159.3339,115.8309,17.5826,327.8133,47.8352,354.7106,298.1187
2023-03-02,298.0557,56.0859,160.3374,116.2890,17.6742,327.8449,47.8464,354.7166,298.1235
2023-03-03,301.2133,57.6917,161.3404,116.7467,17.7658,327.8765,47.8576,354.7227,298.1283
2023-03-04,304.4313,59.2980,162.3428,117.2038,17.8574,327.9081,47.8688,354.7288,298.1331
2023-03-05,307.7146,60.9047,163.3447,117.6605,17.9491,327.9396,47.8799,354.7348,298.1379
2023-03-06,311.0686,62.5119,164.3460,118.1168,18.0407,327.9712,47.8911,354.7409,298.1427
2023-03-07,314.4984,64.1197,165.3469,118.5726,18.1323,328.0028,47.9023,354.7470,298.1475
2023-03-08,318.0097,65.7279,166.3472,119.0279,18.2239,328.0344,47.9135,354.7530,298.1523
2023-03-09,321.6081,67.3366,167.3469,119.4829,18.3155,328.0660,47.9246,354.7591,298.1570
2023-03-10,325.2997,68.9458,168.3461,119.9373,18.4071,328.0976,47.9358,354.7651,298.1618
2023-03-11,329.0905,70.5556,169.3448,120.3914,18.4987,328.1291,47.9470,354.7712,298.1666
2023-03-12,332.9866,72.1658,170.3428,120.8450,18.5904,328.1607,47.9582,354.7773,298.1714
2023-03-13,336.9943,73.7765,171.3404,121.2983,18.6820,328.1923,47.9694,354.7833,298.1762
2023-03-14,341.1199,75.3878,172.3373,121.7511,18.7736,328.2239,47.9805,354.7894,298.1810
2023-03-15,345.3696,76.9995,173.3337,122.2035,18.8652,328.2555,47.9917,354.7955,298.1858
2023-03-16,349.7492,78.6118,174.3296,122.6555,18.9568,328.2871,48.0029,354.8015,298.1905
2023-03-17,354.2645,80.2245,175.3248,123.1071,19.0484,328.3187,48.0141,354.8076,298.1953
2023-03-18,358.9207,81.8377,176.3195,123.5583,19.1400,328.3503,48.0252,354.8137,298.2001
2023-03-19,3.7222,83.4515,177.3136,124.0091,19.2316,328.3819,48.0364,354.8197,298.2049
2023-03-20,8.6725,85.0657,178.3071,124.4595,19.3232,328.4135,48.0476,354.8258,298.2097
2023-03-21,13.7742,86.6805,179.3000,124.9096,19.4148,328.4451,48.0588,354.8318,298.2145
2023-03-22,19.0280,88.2957,180.2924,125.3593,19.5064,328.4767,48.0699,354.8379,298.2193
2023-03-23,24.4333,89.9114,181.2842,125.8086,19.5980,328.5083,48.0811,354.8440,298.2240
2023-03-24,29.9870,91.5276,182.2753,126.2576,19.6896,328.5399,48.0923,354.8500,298.2288
2023-03-25,35.6838,93.1442,183.2659,126.7062,19.7812,328.5715,48.1035,354.8561,298.2336
2023-03-26,41.5158,94.7614,184.2559,127.1545,19.8728,328.6032,48.1147,354.8622,298.2384
2023-03-27,47.4722,96.3790,185.2453,127.6024,19.9644,328.6348,48.1258,354.8682,298.2432
2023-03-28,53.5392,97.9970,186.2342,128.0500,20.0560,328.6664,48.1370,354.8743,298.2480
2023-03-29,59.7001,99.6155,187.2224,128.4972,20.1476,328.6980,48.1482,354.8804,298.2527
2023-03-30,65.9353,101.2345,188.2100,128.9441,20.2391,328.7296,48.1594,354.8864,298.2575
2023-03-31,72.2232,102.8539,189.1970,129.3907,20.3307,328.7613,48.1706,354.8925,298.2623
2023-04-01,78.5399,104.4737,190.1835,129.8370,20.4223,328.7929,48.1817,354.8985,298.2671
2023-04-02,84.8606,106.0939,191.1693,130.2829,20.5139,328.8245,48.1929,354.9046,298.2719
2023-04-03,91.1599,107.7145,192.1546,130.7286,20.6055,328.8561,48.2041,354.9107,298.2767
2023-04-04,97.4129,109.3356,193.1392,131.1739,20.6971,328.8878,48.2153,354.9167,298.2814
2023-04-05,103.5961,110.9570,194.1233,131.6190,20.7886,328.9194,48.2265,354.9228,298.2862
2023-04-06,109.6877,112.5787,195.1068,132.0637,20.8802,328.9510,48.2376,354.9289,298.2910
2023-04-07,115.6685,114.2009,196.0897,132.5082,20.9718,328.9826,48.2488,354.9349,298.2958
2023-04-08,121.5225,115.8233,197.0720,132.9524,21.0634,329.0143,48.2600,354.9410,298.3006
2023-04-09,127.2367,117.4461,198.0537,133.3963,21.1549,329.0459,48.2712,354.9471,298.3053
2023-04-10,132.8012,119.0692,199.0348,133.8400,21.2465,329.0776,48.2824,354.9531,298.3101
2023-04-11,138.2094,120.6926,200.0153,134.2833,21.3381,329.1092,48.2935,354.9592,298.3149
2023-04-12,143.4576,122.3163,200.9953,134.7264,21.4296,329.1408,48.3047,354.9652,298.3197
2023-04-13,148.5444,123.9402,201.9747,135.1693,21.5212,329.1725,48.3159,354.9713,298.3245
2023-04-14,153.4709,125.5644,202.9535,135.6119,21.6128,329.2041,48.3271,354.9774,298.3293
2023-04-15,158.2397,127.1888,203.9317,136.0543,21.7043,329.2358,48.3383,354.9834,298.3340
2023-04-16,162.8550,128.8134,204.9093,136.4964,21.7959,329.2674,48.3495,354.9895,298.3388
2023-04-17,167.3220,130.4382,205.8864,136.9383,21.8874,329.2991,48.3606,354.9956,298.3436
2023-04-18,171.6470,132.0632,206.8629,137.3799,21.9790,329.3307,48.3718,355.0016,298.3484
2023-04-19,175.8364,133.6883,207.8388,137.8214,22.0706,329.3624,48.3830,355.0077,298.3532
2023-04-20,179.8974,135.3136,208.8142,138.2626,22.1621,329.3940,48.3942,355.0138,298.3579
2023-04-21,183.8370,136.9389,209.7890,138.7036,22.2537,329.4257,48.4054,355.0198,298.3627
2023-04-22,187.6625,138.5643,210.7632,139.1443,22.3452,329.4573,48.4165,355.0259,298.3675
2023-04-23,191.3810,140.1898,211.7369,139.5849,22.4368,329.4890,48.4277,355.0319,298.3723
2023-04-24,194.9996,141.8153,212.7101,140.0253,22.5283,329.5206,48.4389,355.0380,298.3770
2023-04-25,198.5250,143.4409,213.6826,140.4655,22.6198,329.5523,48.4501,355.0441,298.3818
2023-04-26,201.9639,145.0664,214.6547,140.9055,22.7114,329.5840,48.4613,355.0501,298.3866
2023-04-27,205.3225,146.6919,215.6262,141.3453,22.8029,329.6156,48.4725,355.0562,298.3914
2023-04-28,208.6071,148.3173,216.5972,141.7849,22.8945,329.6473,48.4837,355.0623,298.3962
2023-04-29,211.8233,149.9427,217.5677,142.2244,22.9860,329.6790,48.4948,355.0683,298.4009
2023-04-30,214.9768,151.5679,218.5376,142.6637,23.0775,329.7106,48.5060,355.0744,298.4057
2023-05-01,218.0729,153.1930,219.5070,143.1028,23.1690,329.7423,48.5172,355.0805,298.4105
2023-05-02,221.1166,154.8180,220.4759,143.5418,23.2606,329.7740,48.5284,355.0865,298.4153
2023-05-03,224.1128,156.4428,221.4443,143.9806,23.3521,329.8057,48.5396,355.0926,298.4200
2023-05-04,227.0661,158.0673,222.4122,144.4193,23.4436,329.8373,48.5508,355.0986,298.4248
2023-05-05,229.9810,159.6917,223.3795,144.8579,23.5351,329.8690,48.5619,355.1047,298.4296
2023-05-06,232.8618,161.3158,224.3464,145.2963,23.6267,329.9007,48.5731,355.1108,298.4344
2023-05-07,235.7125,162.9396,225.3128,145.7345,23.7182,329.9324,48.5843,355.1168,298.4392
2023-05-08,238.5371,164.5631,226.2787,146.1727,23.8097,329.9641,48.5955,355.1229,298.4439
2023-05-09,241.3394,166.1863,227.2441,146.6107,23.9012,329.9958,48.6067,355.1290,298.4487
2023-05-10,244.1232,167.8091,228.2091,147.0486,23.9927,330.0275,48.6179,355.1350,298.4535
2023-05-11,246.8921,169.4316,229.1736,147.4864,24.0842,330.0591,48.6291,355.1411,298.4583
2023-05-12,249.6497,171.0537,230.1376,147.9241,24.1757,330.0908,48.6402,355.1472,298.4630
2023-05-13,252.3994,172.6753,231.1012,148.3616,24.2672,330.1225,48.6514,355.1532,298.4678
2023-05-14,255.1447,174.2966,232.0643,148.7991,24.3587,330.1542,48.6626,355.1593,298.4726
2023-05-15,257.8890,175.9173,233.0270,149.2365,24.4502,330.1859,48.6738,355.1653,298.4774
2023-05-16,260.6357,177.5376,233.9893,149.6739,24.5417,330.2176,48.6850,355.1714,298.4821
2023-05-17,263.3881,179.1574,234.9511,150.1111,24.6332,330.2493,48.6962,355.1775,298.4869
2023-05-18,266.1498,180.7766,235.9125,150.5483,24.7247,330.2810,48.7074,355.1835,298.4917
2023-05-19,268.9240,182.3953,236.8735,150.9853,24.8162,330.3127,48.7186,355.1896,298.4965
2023-05-20,271.7143,184.0135,237.8341,151.4224,24.9077,330.3444,48.7297,355.1957,298.5012
2023-05-21,274.5241,185.6311,238.7942,151.8593,24.9992,330.3761,48.7409,355.2017,298.5060
2023-05-22,277.3571,187.2480,239.7540,152.2963,25.0906,330.4078,48.7521,355.2078,298.5108
2023-05-23,280.2169,188.8644,240.7134,152.7331,25.1821,330.4395,48.7633,355.2139,298.5156
2023-05-24,283.1073,190.4801,241.6724,153.1700,25.2736,330.4713,48.7745,355.2199,298.5203
2023-05-25,286.0321,192.0952,242.6311,153.6067,25.3651,330.5030,48.7857,355.2260,298.5251
2023-05-26,288.9952,193.7096,243.5894,154.0435,25.4565,330.5347,48.7969,355.2321,298.5299
2023-05-27,292.0009,195.3234,244.5473,154.4802,25.5480,330.5664,48.8081,355.2381,298.5346
2023-05-28,295.0534,196.9365,245.5049,154.9169,25.6395,330.5981,48.8193,355.2442,298.5394
2023-05-29,298.1570,198.5489,246.4621,155.3536,25.7309,330.6298,48.8304,355.2502,298.5442
2023-05-30,301.3165,200.1605,247.4190,155.7903,25.8224,330.6616,48.8416,355.2563,298.5490
2023-05-31,304.5366,201.7715,248.3756,156.2269,25.9138,330.6933,48.8528,355.2624,298.5537
2023-06-01,307.8221,203.3817,249.3318,156.6636,26.0053,330.7250,48.8640,355.2684,298.5585
2023-06-02,311.1784,204.9912,250.2878,157.1003,26.0967,330.7567,48.8752,355.2745,298.5633
2023-06-03,314.6108,206.6000,251.2434,157.5369,26.1882,330.7885,48.8864,355.2806,298.5681
2023-06-04,318.1248,208.2080,252.1988,157.9736,26.2796,330.8202,48.8976,355.2866,298.5728
2023-06-05,321.7262,209.8153,253.1538,158.4103,26.3711,330.8519,48.9088,355.2927,298.5776
2023-06-06,325.4209,211.4218,254.1086,158.8470,26.4625,330.8837,48.9200,355.2988,298.5824
2023-06-07,329.2150,213.0275,255.0631,159.2838,26.5539,330.9154,48.9312,355.3048,298.5871
2023-06-08,333.1146,214.6325,256.0174,159.7206,26.6454,330.9471,48.9424,355.3109,298.5919
2023-06-09,337.1261,216.2368,256.9714,160.1574,26.7368,330.9789,48.9535,355.3169,298.5967
2023-06-10,341.2556,217.8402,257.9252,160.5943,26.8282,331.0106,48.9647,355.3230,298.6015
2023-06-11,345.5093,219.4429,258.8787,161.0312,26.9196,331.0423,48.9759,355.3291,298.6062
2023-06-12,349.8933,221.0449,259.8320,161.4682,27.0111,331.0741,48.9871,355.3351,298.6110
2023-06-13,354.4131,222.6461,260.7851,161.9052,27.1025,331.1058,48.9983,355.3412,298.6158
2023-06-14,359.0739,224.2465,261.7380,162.3424,27.1939,331.1376,49.0095,355.3473,298.6205
2023-06-15,3.8802,225.8462,262.6907,162.7795,27.2853,331.1693,49.0207,355.3533,298.6253
2023-06-16,8.8354,227.4452,263.6432,163.2168,27.3767,331.2011,49.0319,355.3594,298.6301
2023-06-17,13.9420,229.0434,264.5955,163.6541,27.4681,331.2328,49.0431,355.3655,298.6348
2023-06-18,19.2007,230.6409,265.5476,164.0915,27.5595,331.2646,49.0543,355.3715,298.6396
2023-06-19,24.6108,232.2377,266.4996,164.5290,27.6509,331.2963,49.0655,355.3776,298.6444
2023-06-20,30.1693,233.8337,267.4514,164.9666,27.7423,331.3281,49.0767,355.3837,298.6491
2023-06-21,35.8706,235.4291,268.4031,165.4043,27.8337,331.3599,49.0879,355.3897,298.6539
2023-06-22,41.7069,237.0237,269.3546,165.8422,27.9251,331.3916,49.0990,355.3958,298.6587
2023-06-23,47.6671,238.6177,270.3060,166.2801,28.0165,331.4234,49.1102,355.4018,298.6635
2023-06-24,53.7374,240.2110,271.2573,166.7181,28.1078,331.4551,49.1214,355.4079,298.6682
2023-06-25,59.9009,241.8037,272.2085,167.1563,28.1992,331.4869,49.1326,355.4140,298.6730
2023-06-26,66.1383,243.3957,273.1596,167.5946,28.2906,331.5187,49.1438,355.4200,298.6778
2023-06-27,72.4275,244.9871,274.1105,168.0330,28.3820,331.5504,49.1550,355.4261,298.6825
2023-06-28,78.7447,246.5779,275.0614,168.4716,28.4733,331.5822,49.1662,355.4322,298.6873
2023-06-29,85.0651,248.1680,276.0123,168.9103,28.5647,331.6140,49.1774,355.4382,298.6921
2023-06-30,91.3633,249.7576,276.9631,169.3491,28.6561,331.6458,49.1886,355.4443,298.6968
2023-07-01,97.6144,251.3467,277.9138,169.7881,28.7474,331.6775,49.1998,355.4504,298.7016
2023-07-02,103.7949,252.9351,278.8645,170.2273,28.8388,331.7093,49.2110,355.4564,298.7064
2023-07-03,109.8832,254.5231,279.8151,170.6666,28.9301,331.7411,49.2222,355.4625,298.7111
2023-07-04,115.8602,256.1105,280.7657,171.1061,29.0215,331.7729,49.2334,355.4686,298.7159
2023-07-05,121.7098,257.6974,281.7163,171.5458,29.1128,331.8047,49.2446,355.4746,298.7207
2023-07-06,127.4193,259.2839,282.6669,171.9857,29.2042,331.8364,49.2558,355.4807,298.7254
2023-07-07,132.9788,260.8699,283.6175,172.4257,29.2955,331.8682,49.2670,355.4867,298.7302
2023-07-08,138.3819,262.4554,284.5681,172.8659,29.3868,331.9000,49.2782,355.4928,298.7350
2023-07-09,143.6249,264.0406,285.5187,173.3064,29.4782,331.9318,49.2894,355.4989,298.7397
2023-07-10,148.7065,265.6253,286.4694,173.7470,29.5695,331.9636,49.3006,355.5049,298.7445
2023-07-11,153.6278,267.2097,287.4201,174.1878,29.6608,331.9954,49.3118,355.5110,298.7492
2023-07-12,158.3915,268.7936,288.3708,174.6289,29.7521,332.0272,49.3230,355.5171,298.7540
2023-07-13,163.0019,270.3773,289.3216,175.0701,29.8434,332.0590,49.3341,355.5231,298.7588
2023-07-14,167.4643,271.9606,290.2725,175.5116,29.9348,332.0908,49.3453,355.5292,298.7635
2023-07-15,171.7848,273.5436,291.2234,175.9533,30.0261,332.1226,49.3565,355.5353,298.7683
2023-07-16,175.9699,275.1264,292.1745,176.3952,30.1174,332.1544,49.3677,355.5413,298.7731
2023-07-17,180.0268,276.7088,293.1256,176.8374,30.2087,332.1862,49.3789,355.5474,298.7778
2023-07-18,183.9627,278.2911,294.0768,177.2798,30.3000,332.2180,49.3901,355.5535,298.7826
2023-07-19,187.7846,279.8731,295.0282,177.7225,30.3913,332.2498,49.4013,355.5595,298.7874
2023-07-20,191.4998,281.4549,295.9796,178.1654,30.4825,332.2816,49.4125,355.5656,298.7921
2023-07-21,195.1152,283.0365,296.9312,178.6086,30.5738,332.3134,49.4237,355.5716,298.7969
2023-07-22,198.6377,284.6180,297.8830,179.0520,30.6651,332.3452,49.4349,355.5777,298.8017
2023-07-23,202.0739,286.1993,298.8349,179.4957,30.7564,332.3770,49.4461,355.5838,298.8064
2023-07-24,205.4301,287.7805,299.7869,179.9397,30.8477,332.4089,49.4573,355.5898,298.8112
2023-07-25,208.7123,289.3616,300.7391,180.3839,30.9389,332.4407,49.4685,355.5959,298.8159
2023-07-26,211.9264,290.9426,301.6915,180.8285,31.0302,332.4725,49.4797,355.6020,298.8207
2023-07-27,215.0780,292.5235,302.6441,181.2733,31.1214,332.5043,49.4909,355.6080,298.8255
2023-07-28,218.1722,294.1044,303.5969,181.7184,31.2127,332.5361,49.5021,355.6141,298.8302
2023-07-29,221.2143,295.6852,304.5498,182.1639,31.3040,332.5680,49.5133,355.6202,298.8350
2023-07-30,224.2091,297.2661,305.5030,182.6096,31.3952,332.5998,49.5245,355.6262,298.8398
2023-07-31,227.1611,298.8469,306.4565,183.0556,31.4865,332.6316,49.5357,355.6323,298.8445
2023-08-01,230.0749,300.4278,307.4101,183.5020,31.5777,332.6635,49.5469,355.6384,298.8493
2023-08-02,232.9546,302.0087,308.3640,183.9487,31.6689,332.6953,49.5581,355.6444,298.8540
2023-08-03,235.8043,303.5897,309.3181,184.3957,31.7602,332.7271,49.5693,355.6505,298.8588
2023-08-04,238.6282,305.1707,310.2725,184.8430,31.8514,332.7590,49.5805,355.6566,298.8636
2023-08-05,241.4298,306.7518,311.2271,185.2907,31.9426,332.7908,49.5917,355.6626,298.8683
2023-08-06,244.2131,308.3330,312.1821,185.7387,32.0338,332.8226,49.6029,355.6687,298.8731
2023-08-07,246.9816,309.9143,313.1373,186.1871,32.1251,332.8545,49.6141,355.6747,298.8778
2023-08-08,249.7389,311.4958,314.0928,186.6358,32.2163,332.8863,49.6253,355.6808,298.8826
2023-08-09,252.4884,313.0774,315.0485,187.0849,32.3075,332.9182,49.6365,355.6869,298.8874
2023-08-10,255.2336,314.6592,316.0046,187.5343,32.3987,332.9500,49.6477,355.6929,298.8921
2023-08-11,257.9779,316.2411,316.9610,187.9841,32.4899,332.9818,49.6589,355.6990,298.8969
2023-08-12,260.7247,317.8232,317.9178,188.4343,32.5811,333.0137,49.6701,355.7051,298.9016
2023-08-13,263.4774,319.4055,318.8748,188.8848,32.6723,333.0455,49.6813,355.7111,298.9064
2023-08-14,266.2394,320.9880,319.8322,189.3358,32.7634,333.0774,49.6925,355.7172,298.9112
2023-08-15,269.0141,322.5707,320.7900,189.7871,32.8546,333.1092,49.7038,355.7233,298.9159
2023-08-16,271.8050,324.1537,321.7481,190.2388,32.9458,333.1411,49.7150,355.7293,298.9207
2023-08-17,274.6155,325.7369,322.7065,190.6909,33.0370,333.1730,49.7262,355.7354,298.9254
2023-08-18,277.4493,327.3203,323.6654,191.1435,33.1281,333.2048,49.7374,355.7415,298.9302
2023-08-19,280.3100,328.9040,324.6245,191.5964,33.2193,333.2367,49.7486,355.7475,298.9349
2023-08-20,283.2015,330.4880,325.5841,192.0498,33.3105,333.2685,49.7598,355.7536,298.9397
2023-08-21,286.1274,332.0722,326.5441,192.5035,33.4016,333.3004,49.7710,355.7597,298.9445
2023-08-22,289.0919,333.6568,327.5045,192.9577,33.4928,333.3323,49.7822,355.7657,298.9492
2023-08-23,292.0990,335.2416,328.4652,193.4124,33.5839,333.3641,49.7934,355.7718,298.9540
2023-08-24,295.1531,336.8267,329.4264,193.8674,33.6751,333.3960,49.8046,355.7778,298.9587
2023-08-25,298.2585,338.4121,330.3880,194.3230,33.7662,333.4279,49.8158,355.7839,298.9635
2023-08-26,301.4198,339.9978,331.3501,194.7789,33.8573,333.4598,49.8270,355.7900,298.9683
2023-08-27,304.6419,341.5839,332.3125,195.2353,33.9485,333.4916,49.8382,355.7960,298.9730
2023-08-28,307.9297,343.1702,333.2754,195.6922,34.0396,333.5235,49.8494,355.8021,298.9778
2023-08-29,311.2884,344.7569,334.2388,196.1495,34.1307,333.5554,49.8606,355.8082,298.9825
2023-08-30,314.7233,346.3440,335.2026,196.6073,34.2218,333.5873,49.8718,355.8142,298.9873
2023-08-31,318.2401,347.9314,336.1668,197.0656,34.3129,333.6191,49.8830,355.8203,298.9920
2023-09-01,321.8444,349.5191,337.1315,197.5244,34.4040,333.6510,49.8942,355.8264,298.9968
2023-09-02,325.5422,351.1072,338.0967,197.9836,34.4951,333.6829,49.9054,355.8324,299.0015
2023-09-03,329.3396,352.6956,339.0624,198.4433,34.5862,333.7148,49.9166,355.8385,299.0063
2023-09-04,333.2427,354.2844,340.0285,198.9035,34.6773,333.7467,49.9278,355.8446,299.0111
2023-09-05,337.2579,355.8736,340.9951,199.3643,34.7684,333.7786,49.9390,355.8506,299.0158
2023-09-06,341.3914,357.4631,341.9623,199.8255,34.8595,333.8105,49.9503,355.8567,299.0206
2023-09-07,345.6493,359.0530,342.9299,200.2872,34.9506,333.8424,49.9615,355.8628,299.0253
2023-09-08,350.0375,0.6433,343.8980,200.7495,35.0416,333.8743,49.9727,355.8688,299.0301
2023-09-09,354.5618,2.2340,344.8666,201.2122,35.1327,333.9062,49.9839,355.8749,299.0348
2023-09-10,359.2273,3.8250,345.8358,201.6755,35.2237,333.9381,49.9951,355.8809,299.0396
2023-09-11,4.0383,5.4165,346.8054,202.1394,35.3148,333.9700,50.0063,355.8870,299.0443
2023-09-12,8.9984,7.0083,347.7756,202.6037,35.4059,334.0019,50.0175,355.8931,299.0491
2023-09-13,14.1099,8.6005,348.7463,203.0686,35.4969,334.0338,50.0287,355.8991,299.0538
2023-09-14,19.3736,10.1931,349.7176,203.5341,35.5879,334.0657,50.0399,355.9052,299.0586
2023-09-15,24.7886,11.7861,350.6893,204.0001,35.6790,334.0976,50.0511,355.9113,299.0634
2023-09-16,30.3517,13.3795,351.6616,204.4666,35.7700,334.1295,50.0623,355.9173,299.0681
2023-09-17,36.0576,14.9734,352.6345,204.9338,35.8610,334.1614,50.0735,355.9234,299.0729
2023-09-18,41.8980,16.5676,353.6079,205.4014,35.9521,334.1933,50.0847,355.9295,299.0776
2023-09-19,47.8620,18.1622,354.5819,205.8697,36.0431,334.2252,50.0960,355.9355,299.0824
2023-09-20,53.9356,19.7573,355.5564,206.3385,36.1341,334.2572,50.1072,355.9416,299.0871
2023-09-21,60.1019,21.3527,356.5315,206.8080,36.2251,334.2891,50.1184,355.9477,299.0919
2023-09-22,66.3413,22.9486,357.5071,207.2780,36.3161,334.3210,50.1296,355.9537,299.0966
2023-09-23,72.6318,24.5449,358.4833,207.7486,36.4071,334.3529,50.1408,355.9598,299.1014
2023-09-24,78.9495,26.1417,359.4601,208.2198,36.4981,334.3848,50.1520,355.9659,299.1061
2023-09-25,85.2695,27.7388,0.4374,208.6916,36.5891,334.4168,50.1632,355.9719,299.1109
2023-09-26,91.5666,29.3364,1.4153,209.1640,36.6800,334.4487,50.1744,355.9780,299.1156
2023-09-27,97.8158,30.9345,2.3938,209.6370,36.7710,334.4806,50.1856,355.9840,299.1204
2023-09-28,103.9937,32.5329,3.3729,210.1107,36.8620,334.5126,50.1968,355.9901,299.1251
2023-09-29,110.0786,34.1319,4.3525,210.5849,36.9530,334.5445,50.2081,355.9962,299.1299
2023-09-30,116.0517,35.7312,5.3328,211.0598,37.0439,334.5764,50.2193,356.0022,299.1346
2023-10-01,121.8970,37.3310,6.3136,211.5354,37.1349,334.6084,50.2305,356.0083,299.1394
2023-10-02,127.6017,38.9313,7.2950,212.0115,37.2258,334.6403,50.2417,356.0144,299.1441
2023-10-03,133.1563,40.5320,8.2770,212.4883,37.3168,334.6722,50.2529,356.0204,299.1489
2023-10-04,138.5543,42.1331,9.2596,212.9658,37.4077,334.7042,50.2641,356.0265,299.1536
2023-10-05,143.7920,43.7348,10.2427,213.4439,37.4986,334.7361,50.2753,356.0326,299.1584
2023-10-06,148.8684,45.3368,11.2265,213.9227,37.5896,334.7681,50.2865,356.0386,299.1631
2023-10-07,153.7845,46.9394,12.2108,214.4021,37.6805,334.8000,50.2977,356.0447,299.1679
2023-10-08,158.5432,48.5424,13.1958,214.8822,37.7714,334.8320,50.3090,356.0508,299.1726
2023-10-09,163.1488,50.1459,14.1813,215.3630,37.8623,334.8639,50.3202,356.0568,299.1774
2023-10-10,167.6064,51.7499,15.1675,215.8445,37.9532,334.8959,50.3314,356.0629,299.1821
2023-10-11,171.9224,53.3543,16.1542,216.3266,38.0441,334.9278,50.3426,356.0690,299.1869
2023-10-12,176.1033,54.9593,17.1415,216.8094,38.1350,334.9598,50.3538,356.0750,299.1916
2023-10-13,180.1562,56.5647,18.1294,217.2930,38.2259,334.9917,50.3650,356.0811,299.1964
2023-10-14,184.0882,58.1706,19.1179,217.7772,38.3168,335.0237,50.3762,356.0872,299.2011
2023-10-15,187.9065,59.7770,20.1070,218.2621,38.4077,335.0557,50.3874,356.0932,299.2059
2023-10-16,191.6184,61.3839,21.0967,218.7477,38.4985,335.0876,50.3987,356.0993,299.2106
2023-10-17,195.2307,62.9913,22.0870,219.2341,38.5894,335.1196,50.4099,356.1053,299.2154
2023-10-18,198.7503,64.5991,23.0779,219.7211,38.6803,335.1515,50.4211,356.1114,299.2201
2023-10-19,202.1838,66.2075,24.0694,220.2089,38.7711,335.1835,50.4323,356.1175,299.2249
2023-10-20,205.5375,67.8164,25.0614,220.6974,38.8620,335.2155,50.4435,356.1235,299.2296
2023-10-21,208.8174,69.4258,26.0540,221.1867,38.9528,335.2475,50.4547,356.1296,299.2344
2023-10-22,212.0294,71.0357,27.0472,221.6767,39.0436,335.2794,50.4659,356.1357,299.2391
2023-10-23,215.1790,72.6460,28.0410,222.1674,39.1345,335.3114,50.4772,356.1417,299.2439
2023-10-24,218.2716,74.2569,29.0354,222.6588,39.2253,335.3434,50.4884,356.1478,299.2486
2023-10-25,221.3121,75.8683,30.0304,223.1511,39.3161,335.3754,50.4996,356.1539,299.2534
2023-10-26,224.3054,77.4802,31.0259,223.6440,39.4069,335.4073,50.5108,356.1599,299.2581
2023-10-27,227.2561,79.0926,32.0220,224.1378,39.4978,335.4393,50.5220,356.1660,299.2628
2023-10-28,230.1686,80.7055,33.0187,224.6322,39.5886,335.4713,50.5332,356.1721,299.2676
2023-10-29,233.0473,82.3189,34.0159,225.1275,39.6794,335.5033,50.5445,356.1781,299.2723
2023-10-30,235.8962,83.9328,35.0137,225.6235,39.7701,335.5353,50.5557,356.1842,299.2771
2023-10-31,238.7192,85.5472,36.0121,226.1203,39.8609,335.5673,50.5669,356.1903,299.2818
2023-11-01,241.5203,87.1620,37.0110,226.6179,39.9517,335.5993,50.5781,356.1963,299.2866
2023-11-02,244.3030,88.7774,38.0104,227.1163,40.0425,335.6313,50.5893,356.2024,299.2913
2023-11-03,247.0711,90.3932,39.0104,227.6155,40.1333,335.6633,50.6005,356.2085,299.2961
2023-11-04,249.8280,92.0096,40.0110,228.1155,40.2240,335.6953,50.6117,356.2145,299.3008
2023-11-05,252.5773,93.6264,41.0121,228.6162,40.3148,335.7273,50.6230,356.2206,299.3056
2023-11-06,255.3224,95.2437,42.0137,229.1178,40.4055,335.7593,50.6342,356.2267,299.3103
2023-11-07,258.0668,96.8614,43.0159,229.6202,40.4963,335.7913,50.6454,356.2327,299.3150
2023-11-08,260.8137,98.4796,44.0185,230.1233,40.5870,335.8233,50.6566,356.2388,299.3198
2023-11-09,263.5667,100.0982,45.0217,230.6273,40.6777,335.8553,50.6678,356.2448,299.3245
2023-11-10,266.3290,101.7173,46.0254,231.1322,40.7685,335.8873,50.6791,356.2509,299.3293
2023-11-11,269.1042,103.3368,47.0297,231.6378,40.8592,335.9193,50.6903,356.2570,299.3340
2023-11-12,271.8957,104.9568,48.0344,232.1443,40.9499,335.9513,50.7015,356.2630,299.3388
2023-11-13,274.7069,106.5771,49.0396,232.6516,41.0406,335.9833,50.7127,356.2691,299.3435
2023-11-14,277.5415,108.1979,50.0453,233.1597,41.1313,336.0153,50.7239,356.2752,299.3482
2023-11-15,280.4032,109.8190,51.0515,233.6687,41.2220,336.0473,50.7351,356.2812,299.3530
2023-11-16,283.2957,111.4405,52.0582,234.1785,41.3127,336.0794,50.7464,356.2873,299.3577
2023-11-17,286.2228,113.0624,53.0653,234.6892,41.4034,336.1114,50.7576,356.2934,299.3625
2023-11-18,289.1886,114.6846,54.0729,235.2007,41.4941,336.1434,50.7688,356.2994,299.3672
2023-11-19,292.1972,116.3072,55.0810,235.7131,41.5847,336.1754,50.7800,356.3055,299.3720
2023-11-20,295.2528,117.9301,56.0895,236.2264,41.6754,336.2074,50.7912,356.3116,299.3767
2023-11-21,298.3600,119.5533,57.0985,236.7405,41.7661,336.2395,50.8025,356.3176,299.3814
2023-11-22,301.5232,121.1767,58.1079,237.2554,41.8567,336.2715,50.8137,356.3237,299.3862
2023-11-23,304.7473,122.8005,59.1177,237.7713,41.9474,336.3035,50.8249,356.3298,299.3909
2023-11-24,308.0373,124.4245,60.1280,238.2880,42.0380,336.3356,50.8361,356.3358,299.3957
2023-11-25,311.3984,126.0488,61.1387,238.8056,42.1286,336.3676,50.8473,356.3419,299.4004
2023-11-26,314.8359,127.6732,62.1497,239.3240,42.2193,336.3996,50.8586,356.3480,299.4051
2023-11-27,318.3554,129.2979,63.1612,239.8434,42.3099,336.4317,50.8698,356.3540,299.4099
2023-11-28,321.9626,130.9228,64.1731,240.3636,42.4005,336.4637,50.8810,356.3601,299.4146
2023-11-29,325.6636,132.5478,65.1853,240.8848,42.4911,336.4958,50.8922,356.3662,299.4194
2023-11-30,329.4643,134.1729,66.1980,241.4068,42.5817,336.5278,50.9034,356.3722,299.4241
2023-12-01,333.3710,135.7982,67.2110,241.9297,42.6723,336.5599,50.9147,356.3783,299.4289
2023-12-02,337.3899,137.4236,68.2243,242.4535,42.7629,336.5919,50.9259,356.3844,299.4336
2023-12-03,341.5273,139.0490,69.2380,242.9782,42.8535,336.6239,50.9371,356.3904,299.4383
2023-12-04,345.7893,140.6745,70.2520,243.5039,42.9441,336.6560,50.9483,356.3965,299.4431
2023-12-05,350.1819,142.3000,71.2664,244.0304,43.0346,336.6881,50.9596,356.4025,299.4478
2023-12-06,354.7107,143.9256,72.2811,244.5578,43.1252,336.7201,50.9708,356.4086,299.4525
2023-12-07,359.3808,145.5511,73.2961,245.0862,43.2157,336.7522,50.9820,356.4147,299.4573
2023-12-08,4.1966,147.1766,74.3114,245.6155,43.3063,336.7842,50.9932,356.4207,299.4620
2023-12-09,9.1616,148.8020,75.3270,246.1457,43.3968,336.8163,51.0044,356.4268,299.4668
2023-12-10,14.2780,150.4273,76.3429,246.6768,43.4874,336.8483,51.0157,356.4329,299.4715
2023-12-11,19.5466,152.0525,77.3590,247.2088,43.5779,336.8804,51.0269,356.4389,299.4762
2023-12-12,24.9665,153.6776,78.3754,247.7418,43.6684,336.9125,51.0381,356.4450,299.4810
2023-12-13,30.5343,155.3025,79.3921,248.2757,43.7589,336.9445,51.0493,356.4511,299.4857
2023-12-14,36.2447,156.9272,80.4090,248.8105,43.8495,336.9766,51.0606,356.4571,299.4905
2023-12-15,42.0893,158.5517,81.4261,249.3462,43.9400,337.0087,51.0718,356.4632,299.4952
2023-12-16,48.0571,160.1760,82.4435,249.8829,44.0305,337.0408,51.0830,356.4693,299.4999
2023-12-17,54.1340,161.8000,83.4611,250.4205,44.1210,337.0728,51.0942,356.4753,299.5047
2023-12-18,60.3030,163.4237,84.4789,250.9591,44.2114,337.1049,51.1055,356.4814,299.5094
2023-12-19,66.5444,165.0471,85.4968,251.4986,44.3019,337.1370,51.1167,356.4875,299.5141
2023-12-20,72.8361,166.6702,86.5150,252.0391,44.3924,337.1691,51.1279,356.4935,299.5189
2023-12-21,79.1543,168.2930,87.5333,252.5805,44.4828,337.2011,51.1391,356.4996,299.5236
2023-12-22,85.4740,169.9153,88.5518,253.1228,44.5733,337.2332,51.1504,356.5057,299.5284
2023-12-23,91.7699,171.5373,89.5705,253.6661,44.6638,337.2653,51.1616,356.5117,299.5331
2023-12-24,98.0171,173.1588,90.5892,254.2103,44.7542,337.2974,51.1728,356.5178,299.5378
2023-12-25,104.1923,174.7799,91.6081,254.7555,44.8446,337.3295,51.1840,356.5239,299.5426
2023-12-26,110.2739,176.4005,92.6272,255.3016,44.9351,337.3616,51.1953,356.5299,299.5473
2023-12-27,116.2431,178.0206,93.6463,255.8487,45.0255,337.3937,51.2065,356.5360,299.5520
2023-12-28,122.0840,179.6403,94.6655,256.3968,45.1159,337.4258,51.2177,356.5421,299.5568
2023-12-29,127.7840,181.2593,95.6848,256.9458,45.2063,337.4579,51.2289,356.5481,299.5615
2023-12-30,133.3336,182.8779,96.7042,257.4957,45.2967,337.4900,51.2402,356.5542,299.5662
2023-12-31,138.7264,184.4959,97.7236,258.0466,45.3871,337.5221,51.2514,356.5603,299.5710
2024-01-01,143.9589,186.1133,98.7431,258.5985,45.4775,337.5542,51.2626,356.5663,299.5757
